150
16632
4864709 8944027 5748292 8519053
9356 97277 45736 55087
675842
1390196 6023568 9623088 6551393
94079 33053 11215 79086
684817
6694502 4033510 9261196 2147611
14712 53164 21454 75869
800000
1261916 2960160 892887 6372013
36813 12955 35356 63252
220265
7622650 9423637 2150413 8682589
92212 47468 77532 36760
166064
2880009 8749788 9041855 9849127
24293 52992 96169 91331
799523
6188922 6879499 259817 3927593
10 1 0 23851
234207
7592124 1753418 8121038 1987247
98959 51187 51737 52247
768403
3371605 2562092 4158468 1665869
50455 70647 81235 30827
423828
4158372 3229819 5825216 9813521
46667 39113 71925 33721
87878
2434134 6943038 5416039 671537
59074 7519 80583 29387
386293
5578388 1680540 2968626 3425507
7298 53688 65656 37094
194495
3927727 1281691 1873076 3264851
76943 56877 98484 62552
332033
849700 6210907 5139030 1266079
32446 70670 50014 68508
115659
5923375 7838020 1724339 4822703
33218 38315 71199 77833
401680
9881742 5300190 8128316 1227143
12016 27584 2739 94530
729196
3140885 8623960 2063822 6055139
91854 92821 2962 23976
799135
6436339 6922120 7913867 3346951
58 1 0 83178
405326
3687499 7345611 2607937 6739981
11764 54019 25273 96203
343742
1936729 1585847 5992258 4474241
23228 23330 45444 36073
97791
9583212 6597304 2339600 3398627
1504 47370 43316 18777
732814
6181874 6876040 2702549 8962741
2650 42780 85021 47251
108561
4438077 1962028 9715411 9640693
51384 52474 56351 44199
800000
9284363 992074 5483194 6912539
204 68884 1353 65381
74387
1392881 8899251 6165704 3539713
74238 77093 87275 90940
46139
6724530 9496413 8881427 892421
49792 9470 32051 39693
539087
4110063 6965944 2761286 9846649
42985 93934 53563 37855
446972
2178624 7305729 5792821 2531069
75266 56311 29321 74074
366822
5478191 3127005 3925488 9187727
96436 21755 49375 39146
305391
5580129 5037102 11924 2991299
54848 31654 68874 70647
799796
756517 7342784 1046569 7252879
56 1 0 48271
286701
8668530 1430048 4419280 6657109
36212 69484 51242 6017
148398
8016561 1060099 6967308 7845329
14680 58306 49555 64029
760716
3256351 1611484 8815979 9533179
74419 64323 84746 16381
56563
7686813 4146006 5416153 7503211
99664 31074 60226 8175
799948
6006947 3147310 5573892 8225117
1 1 0 50601
5842
1326256 3831571 8973515 6286457
50935 89833 5142 57746
84178
6640520 4101026 3319292 7279199
1499 8616 64213 63731
302752
91982 8008864 5013407 3750623
57507 38107 43433 55356
733600
4547622 1760688 6146133 6284821
44662 76018 28581 45903
63717
4026285 9909226 1564666 9558643
20485 51023 65154 76716
342162
5578821 5617385 4924009 3572189
40541 50843 36776 45817
196010
8774318 613918 7674553 8352901
61482 12361 75623 6767
443185
7272779 2378182 7154678 9150907
78148 55142 91013 74569
362299
1928754 1187061 3499879 6664447
48850 10204 83232 83471
485756
6378809 3458574 2717929 4008227
14519 34116 60221 22479
409410
6458687 4538396 8193941 2712709
94584 3171 61694 29977
22841
839581 4688924 377678 3143141
31053 28605 4361 73203
737865
9090309 4711051 421395 9634357
59890 90684 17122 39535
403054
6075371 909736 661980 4610917
58649 6595 39588 72103
18827
9521417 1 10 189194
79035 1 3 96645
158645
3932852 2786994 887114 5226421
22550 55416 3068 94050
685050
4173632 3410559 9188574 6282889
11399 90715 21175 41560
200724
4865906 4244571 6534244 7891591
30784 94847 72038 99358
123278
6184716 1 10 1233176
59659 1 5 69293
194553
5770863 5923674 6999039 9119987
18455 40448 24123 42326
153484
9193125 8806940 3272286 2606753
54834 33056 80548 99239
275625
3922046 3167472 3747945 9733903
8070 94446 79739 85817
800
1 13107 5 12917
1 12917 5 13107
376837
580805 1 12 4522477
94374 1 1 34989
569801
5028564 1436635 1433788 1490527
63091 88297 87997 47576
280261
5905297 9097849 6367191 1429721
99660 52616 68295 79502
800000
4184377 726967 7510534 3897703
48427 52570 85560 36214
193788
7375107 7988790 7344168 1454711
88929 57515 3430 74658
10
1 1 1 100
1 0 0 100
173932
592924 1 13 2261200
69110 1 4 19660
569406
715433 8626264 7022617 5071919
11793 63977 48207 42093
799911
4647118 8230784 414342 4826291
11 1 0 70867
220793
5326951 3275424 9531491 5962063
17479 81779 42888 50654
464870
4346585 4292463 1733278 4391591
39424 91042 3128 79862
107942
6228550 8874631 3756357 7981189
84780 33994 71431 7345
585116
7903332 8143192 9248568 2818789
68980 36112 70097 78716
724211
4699617 1 10 7242187
41625 1 3 16697
776203
2976622 4456117 6143950 6643499
78062 26165 25565 44856
677825
2564652 5399782 7262727 5812073
48018 54356 40520 14630
85311
5188284 3939570 1228251 6839939
25994 48757 11125 4026
799518
4036690 9290972 629041 9409319
67 1 0 35880
701470
1231899 3180633 1557767 7692767
65285 33523 91043 33180
151584
5371394 1969282 8800795 8580487
3703 55599 94769 61451
32468
1212265 3540617 6252738 69499
38979 53009 99324 59141
175191
8881569 3979404 7922901 8677967
39044 84149 97212 13848
224230
868223 5015144 8006892 2440153
84534 39226 25142 40985
421832
6634028 1 11 4640403
23600 1 3 28559
67187
5622716 952445 2931527 8979787
42721 42540 29087 52325
766243
1859367 6712730 461813 9019327
53616 49692 34523 55829
620791
5317505 8818627 1840571 2152399
47941 48256 23185 63735
331802
5476430 1090505 3383912 7015787
20582 95030 160 99176
446842
5384103 9160440 6242091 9520793
76296 84176 45356 72115
155922
3291360 5326342 3624573 9968951
41900 53964 40180 73822
354645
5201287 4307708 577715 3265151
15311 3900 30092 16343
5
1 1 0 100
1 1 0 100
319045
4033431 2830915 705078 2193421
88087 83917 63361 51412
316132
8095595 6591949 23847 1815103
14787 90898 10820 20131
42028
2863742 1027308 7177075 6832697
43653 58041 67418 13075
490500
6505831 7242242 5238425 7618073
58271 66311 45371 54712
221815
3897977 2281148 1216581 8044507
88673 22814 98589 84350
800000
6663773 2128441 4859555 6731059
20543 89865 38934 40017
702947
2029889 508237 668553 7583119
41548 23815 95596 11122
629869
4073544 9372971 8938912 1924903
3054 33384 13144 56002
757567
5062253 8359896 5208624 8693281
39625 14518 67723 35908
427129
6893674 2917790 814566 7920193
25818 95514 60014 81842
800000
1836621 1140525 201072 6553111
81410 26408 62566 76085
471537
74105 1 14 6601584
19665 1 2 82759
137858
3816908 1818292 4649478 4414153
91205 21212 25648 61802
517276
3679909 725989 6219138 4563679
9288 73488 73962 44632
800000
7880818 5932472 2427109 3877781
1171 40625 63531 758
235800
9113865 8808830 3002909 3986771
79586 24715 12561 62389
271826
5848681 3660734 6561615 9781361
45804 5964 98592 49354
13
3 3 0 100
7 7 0 100
1736
6503797 4999731 2290627 9933701
35292 22216 12964 22864
562563
4654443 8748161 9191633 3725731
88282 36795 35060 68040
583190
248316 5112331 2783051 4007477
79206 6792 76769 80493
799314
496884 5173679 4334722 5846233
89 1 0 43136
554699
782502 3717363 3476397 4553851
49536 17757 3698 88122
668610
7344559 1732346 4506179 8756113
42106 36458 78944 24342
202061
6818117 8820143 3299423 2465951
51168 32602 16943 99213
280247
6094389 7193120 6752392 923719
94336 55909 17357 65544
111573
2354835 613754 8354666 456611
48305 5089 15756 81495
585263
1436762 4243371 9164422 9335789
13113 73368 70033 56492
629293
5063110 493004 7305389 9835733
52012 6641 87766 8734
661193
1584072 4631055 388480 5324171
44038 14977 64924 60064
425482
1159449 7682974 3316987 8272333
67354 39660 40348 48488
102124
7514971 6139260 4296547 5303693
10601 11676 22586 94653
691872
1761520 2251596 5226760 8601823
52127 57735 81527 44375
108290
250714 1726083 9424014 4635083
98705 17630 73253 30540
591488
800604 5311992 4911106 9432653
35609 80010 78381 84061
761144
2894542 4745981 6708222 5964533
64868 6503 69364 65733
559354
8263457 3391508 5619627 9540347
48100 71432 65692 42094
571930
8426282 1 12 6863836
90619 1 2 22779
369832
8104778 837917 9482716 3103811
31436 83259 49740 79698
792343
2462478 3624324 6466030 5071873
36979 86256 23376 62378
710795
2647346 6100657 1416561 2124197
70998 53511 85482 75083
260641
7996589 1980053 4750422 4038953
27385 37478 23029 68554
799918
8026988 8815361 8434028 7598893
64 1 0 39039
209608
2748572 2971293 7265070 6082691
66416 72814 62581 40955
556039
9174374 8067043 7675312 6829729
98587 35926 6332 28158
155273
3049473 8473871 3522430 2330771
31458 54187 68523 36770
682725
164261 5061175 245242 7894301
32653 27587 589 25334
225780
2309498 480333 7120626 3493367
81133 44159 80440 29688
228905
5363599 859661 501337 4462817
26370 53013 77566 11872
799897
9897009 8263191 7365771 8027339
88 1 0 69989
800000
4332581 1738230 8853842 7979057
66171 9761 63488 15137
228115
1947956 7666803 1806824 602233
14879 46203 73907 97827
799246
7130761 6216496 2575834 7255711
71 1 0 10078
319794
3378116 3294995 2218087 6909751
34861 9976 58645 64437
5
1 1 0 100
1 0 0 100
669918
3255587 1 13 8709522
71775 1 4 24568
556446
7764167 2743531 4637161 2443667
66590 36944 30885 693
107776
1721168 1059858 4159252 6538507
85462 4155 63706 69001
544142
8066734 5833271 2429882 7326203
4838 34764 54516 150