20
676874 516489
69732 227358 450038
1 1 1
197868883 498633147 394514730
257602 480949
38113 176296 243295
1 1 1
384243299 145116185 809390598
456749 602836
20734 373480 197540
1 1 1
6632724 430496230 472466042
348937 720507
200303 95637 51577
2 1 1
109451695 209132836 183990710
2 4
1 1 0
0 1 1
1 1 1
10 30
5 5 5
0 1 1
1 1 1
687758 730619
327573 281134 4122
0 1 1
437192135 153695847 810964577
800 4000
13 17 23
2 1 1
29 31 37
773980 563376
96564 718017 195668
1 1 1
478095884 48924553 595073449
283891 762178
169318 247120 141239
2 1 1
719839058 691317608 300640443
429867 413383
321462 260781 375470
0 1 2
554875072 186149553 795162810
5 20
1 1 1
1 1 2
3 5 7
492496 432219
453549 211778 100398
2 1 1
329039211 854532342 57848852
618148 797834
478109 324132 171826
2 1 2
357299725 34525215 391107301
289939 130055
176569 43551 19523
2 1 1
725938192 55132933 239331339
750955 452442
128442 264046 301762
0 1 2
482727459 504453487 878708963
645770 338397
636852 48469 372617
0 1 2
97212074 798033440 163456775
795643 729007
259617 679895 41505
1 1 1
669149900 84172771 224069343
152042 204594
101674 75311 147633
1 1 2
840067818 589970656 366700943
4 8
1 1 0
0 1 1
1 1 1