40
231569
74612 388327 900891 2 2
490320 260058 306142 484389 58787
325512
772717 337405 460044 2 1
219200 769716 356799 822151 10040
711323
638700 502777 795197 1 3
415265 894708 919366 946713 543433
107517
178916 895831 373825 2 10
225926 955273 862117 820263 519269
871932
77096 909636 368158 5 8
825163 865408 743489 860 388
621828
115322 103075 577392 1 2
221878 404899 480743 373761 763818
782248
595442 504332 912212 2 3
960117 713384 691753 51128 280656
1000
123 456 789 123456 789
789 456 123 654321 987
537385
886076 241303 53916 2 1
229500 551862 155416 207362 820977
372599
85262 85009 876534 3 1
403473 296210 849495 490199 115563
193533
621732 785607 954025 8 9
71331 672771 778171 74044 831456
690545
92497 337435 408260 5 7
512818 770814 99556 607275 194883
46248
363379 214344 751290 1 6
460112 775961 500095 475 264
579120
472979 219021 280390 7 7
337634 754737 483266 372 929000
886066
451917 918515 558025 2 2
621377 394159 178791 50829 270391
618466
989599 861324 710880 3 4
619893 236547 810513 533969 911659
259581
179878 441259 516962 3 3
648116 227045 860060 732984 70706
360929
477378 139985 667535 2 2
947595 211018 484138 574179 362582
696959
749417 883837 121388 2 1
603109 72592 24254 702767 327762
711949
307859 521569 431610 3 10
455238 890665 168000 848 862
3
1 1 1 100 1
50 1 0 100 1
593671
522061 436541 931870 1 1
859731 191383 613504 943181 56290
490774
966695 973130 948288 7 4
919220 232024 958100 492922 434896
3
1 1 1 100 1
1 0 1 100 1
168746
191940 368959 655122 1 9
525846 349269 429049 946 618
657901
203088 803205 178280 1 4
555717 731777 973815 854 321
274640
805534 717085 254228 3 2
638775 998539 972144 914312 72817
124594
314397 697687 917753 7 3
485181 268271 447932 204478 757098
991526
87540 814886 277194 8 10
293759 513718 925648 353884 687068
963466
54596 728743 176924 2 10
887158 888042 848696 599626 30119
10
23 42 32 98 29
19 43 36 67 21
450037
779371 741531 171496 8 2
257672 656428 119733 115 298
630621
568407 87128 441658 2 1
734418 735691 224865 734310 626931
736821
603142 389098 551642 1 7
662126 212118 979674 374 808353
665818
416163 119806 359531 5 7
516915 753170 258387 903 661
950330
153323 372717 306753 10 7
315466 805068 775873 970 731
5
2 3 4 13 3
4 3 2 13 3
703593
288244 741406 825424 1 2
308959 70028 121074 103108 205357
616641
161804 735848 52880 2 3
311071 167613 903071 471773 83855
696263
497448 344402 308051 2 2
839106 568540 902808 240964 89116