1000
56 44 57
10 34 82
20 2 14
17 32 44
28 95 98
59 98 12
84 74 99
14 30 25
88 98 54
82 24 95
90 78 19
46 38 10
48 100 7
61 55 7
27 97 67
81 4 75
23 100 5
45 24 7
73 94 6
92 3 36
2 35 88
90 70 34
63 42 23
58 20 9
20 39 43
17 2 33
91 25 16
27 69 53
78 28 15
11 99 92
34 29 37
18 56 55
20 56 69
90 24 63
7 84 22
100 91 18
52 72 19
35 55 45
11 97 8
86 92 88
23 7 39
16 86 48
17 37 79
21 17 22
43 54 4
68 23 60
38 55 3
19 8 1
27 63 72
94 41 86
93 28 75
38 18 100
29 36 86
65 69 32
5 95 26
31 47 82
84 40 70
42 91 58
87 28 17
32 81 7
2 1 3
60 34 72
100 39 9
21 84 62
93 62 88
39 42 75
16 86 46
46 100 80
0 42 24
94 53 82
4 1 83
12 8 16
96 55 72
13 35 36
84 70 75
70 35 40
77 76 20
0 71 40
53 66 72
48 39 20
99 70 86
75 93 5
17 79 13
76 86 17
6 74 32
21 53 4
100 89 79
1 90 31
71 8 8
31 43 35
69 25 52
4 99 34
77 28 9
23 76 96
90 93 62
83 81 21
18 61 15
53 6 61
67 95 83
69 39 59
93 24 72
100 89 96
76 70 22
26 26 94
97 87 65
52 22 97
66 15 25
11 30 40
23 89 93
72 83 63
77 83 58
35 8 16
1 12 64
20 11 46
47 12 95
99 91 5
5 47 9
73 81 29
1 54 73
88 5 55
48 62 3
93 5 46
47 88 38
51 26 61
43 82 22
19 78 93
52 90 42
0 57 27
33 70 76
95 59 36
100 33 89
76 7 28
79 20 6
52 96 17
1 87 71
63 43 23
4 47 5
32 74 85
41 20 71
45 70 62
69 96 3
75 71 84
81 38 43
53 100 79
30 5 55
91 83 54
76 47 70
82 55 91
63 5 13
23 66 83
34 14 7
26 63 84
76 87 22
62 44 84
20 60 75
29 42 62
65 88 97
5 92 68
14 46 40
50 58 100
56 22 38
20 14 88
71 81 41
94 7 87
68 85 59
87 81 48
93 68 55
99 60 89
90 67 82
87 15 84
98 22 42
0 30 70
11 99 88
36 32 85
2 36 39
11 10 80
99 70 27
71 75 25
60 2 68
56 30 6
74 86 76
58 20 22
34 74 94
0 55 55
55 47 53
90 48 65
96 31 25
60 52 78
23 1 19
33 56 65
54 13 86
48 77 79
18 89 10
99 92 73
95 29 87
97 40 45
77 75 53
3 98 22
4 87 25
37 87 8
100 84 72
13 69 20
35 9 73
75 83 75
52 27 39
16 39 79
6 90 7
94 29 61
21 99 3
74 27 60
64 16 62
40 47 81
100 97 2
82 70 56
96 10 58
79 37 2
17 24 45
87 37 39
7 29 86
77 46 25
37 59 59
91 5 25
55 68 37
12 72 15
72 96 80
36 17 39
65 81 74
87 5 14
69 26 21
90 76 61
22 21 46
34 92 25
81 40 43
38 13 28
25 65 34
17 78 67
16 74 2
66 75 25
15 19 12
75 76 37
64 15 25
30 65 81
67 67 62
95 85 81
53 80 34
19 77 72
72 15 93
59 43 87
62 46 8
10 19 4
80 25 64
31 57 62
0 89 69
41 85 37
56 83 72
70 91 100
67 14 93
7 54 41
47 71 80
3 82 67
32 96 39
53 76 77
18 57 73
75 56 53
77 21 90
0 32 79
35 68 35
22 34 52
67 77 35
70 29 55
66 89 30
60 24 94
91 77 63
19 54 59
27 5 38
75 37 68
49 86 5
53 48 15
18 18 95
24 98 37
29 23 13
48 19 14
20 73 91
25 40 82
22 97 31
84 63 8
69 44 38
77 83 32
76 45 72
45 4 63
100 23 20
58 27 76
8 2 87
13 62 69
96 46 9
68 55 29
81 3 94
63 4 15
38 86 11
24 84 57
62 87 92
24 8 15
32 68 96
75 33 74
91 63 85
66 69 9
80 53 38
56 6 32
0 20 21
96 46 59
70 93 6
94 24 53
29 21 89
23 35 44
61 63 52
44 95 98
79 74 13
59 8 29
52 58 41
96 80 66
40 29 7
7 34 65
97 70 4
21 66 14
57 98 14
84 18 41
66 20 11
82 20 52
73 29 39
31 9 89
44 27 57
16 96 54
39 94 64
19 23 85
100 89 76
44 71 96
35 73 75
28 58 46
4 78 15
85 70 9
76 82 99
61 65 100
16 10 4
67 7 97
65 34 26
72 45 65
94 75 65
87 20 40
42 33 8
1 73 59
25 69 7
87 66 72
8 100 13
74 29 63
48 100 27
35 16 42
77 18 99
80 94 17
28 2 36
25 12 74
8 92 17
62 67 78
93 94 28
33 20 79
98 39 27
17 36 76
21 94 36
53 22 1
82 94 57
25 60 20
79 6 20
20 56 46
49 73 97
43 19 26
95 52 21
16 46 80
82 32 14
91 41 56
67 43 20
34 27 91
46 13 25
17 42 4
14 19 22
12 88 91
29 75 87
79 87 63
37 24 17
91 24 30
18 22 25
41 9 44
1 28 70
31 11 66
57 59 38
41 48 10
36 22 35
68 63 40
50 36 93
45 19 56
76 77 73
66 98 21
57 71 100
25 85 66
11 45 47
52 56 84
2 86 38
5 66 37
57 75 18
31 8 81
30 41 28
14 84 31
24 57 38
64 20 30
41 87 80
96 23 25
13 82 4
12 24 3
65 89 98
86 89 75
29 2 60
42 7 15
8 90 85
55 80 45
55 71 19
35 62 33
89 80 24
70 15 34
12 59 63
82 65 54
58 99 46
47 2 34
17 52 13
82 47 30
75 9 23
95 23 15
66 19 66
12 71 89
38 36 53
67 23 25
62 86 17
56 84 29
59 89 41
6 23 99
56 82 23
54 28 31
33 55 85
59 82 94
54 84 77
42 73 40
72 9 77
22 4 96
53 89 74
40 58 61
8 44 91
83 41 63
84 26 67
85 73 70
61 87 41
72 68 30
30 5 25
66 90 100
96 97 9
34 78 66
21 80 63
57 92 78
13 64 55
13 99 9
11 73 54
88 58 41
17 89 70
84 58 8
26 20 90
87 57 12
9 76 39
80 70 89
71 75 75
16 66 96
23 60 91
75 18 61
100 87 47
61 58 61
60 81 24
97 81 53
7 33 36
4 79 33
86 75 33
100 17 30
90 14 81
56 43 8
24 60 67
22 41 17
46 4 73
14 58 26
5 98 52
87 40 57
8 59 6
28 74 83
65 42 19
73 100 14
2 20 12
23 3 100
55 36 81
67 60 99
94 13 95
75 18 15
5 97 10
100 9 27
9 10 84
38 100 15
7 52 70
68 23 92
81 8 37
27 56 28
67 3 26
86 82 81
15 14 85
68 88 5
83 89 31
33 17 14
58 63 62
32 43 54
48 21 33
21 61 42
88 17 100
61 30 32
72 40 83
2 47 93
45 58 33
74 86 67
29 81 85
100 37 76
48 52 2
47 66 68
38 31 43
6 54 76
91 77 4
16 20 69
5 34 58
25 93 2
39 43 22
42 67 86
63 18 95
80 22 42
84 90 1
90 22 23
77 75 10
41 85 26
6 56 93
5 4 81
66 96 69
33 6 28
97 82 93
18 82 44
91 63 31
84 30 23
82 98 10
68 94 26
52 29 5
69 62 92
88 98 52
77 88 1
64 70 73
54 36 40
65 91 93
34 26 6
37 54 52
8 88 1
97 76 47
25 55 35
12 83 57
71 28 11
65 46 89
75 91 13
51 9 46
23 36 86
82 86 16
1 52 5
2 42 20
67 5 11
90 98 72
38 27 52
31 9 97
20 94 40
22 28 37
16 43 68
87 63 13
96 74 56
14 98 61
37 92 57
65 77 35
28 16 5
99 3 95
71 59 9
51 61 55
3 89 85
59 75 48
97 83 99
81 64 71
94 73 33
34 15 71
100 66 13
64 81 11
51 66 33
27 65 77
37 43 86
0 15 62
44 35 57
76 23 47
10 22 75
20 73 83
46 83 61
83 98 82
82 28 71
82 77 39
19 41 36
95 20 58
30 25 5
56 92 59
17 55 29
14 10 10
62 90 75
33 60 68
54 98 4
78 12 41
64 38 29
76 41 73
88 56 9
4 99 54
49 2 81
46 65 73
13 94 70
29 71 99
12 55 55
16 54 82
48 86 21
96 33 27
6 10 20
86 25 64
52 68 11
2 9 3
33 35 34
46 71 15
61 11 30
17 43 82
11 83 30
98 85 38
45 62 57
79 70 92
23 17 75
36 4 21
1 87 21
9 100 8
53 77 48
49 22 17
47 53 21
91 59 33
89 41 20
62 24 38
82 35 76
18 28 91
30 29 57
7 78 53
59 30 79
93 61 47
56 65 95
51 57 31
5 85 97
7 13 96
29 72 80
75 2 67
67 1 56
95 22 15
69 91 72
27 81 7
57 14 13
46 100 56
16 58 42
75 30 25
85 74 65
55 37 9
41 97 68
88 64 68
67 45 84
95 62 96
0 27 62
10 86 69
49 60 88
82 93 96
65 39 45
44 62 13
2 59 23
8 20 80
80 2 41
45 3 87
72 73 82
24 66 29
85 9 98
14 59 83
100 35 40
42 63 85
59 75 32
66 17 16
22 42 25
36 12 28
63 75 34
49 78 52
33 69 55
7 21 17
22 15 99
89 84 47
35 71 80
66 43 12
31 90 6
73 91 41
37 73 10
31 83 25
13 17 1
39 5 87
3 40 45
34 78 21
86 98 75
46 69 58
0 53 42
75 96 31
23 5 33
97 88 98
47 85 3
7 55 85
4 11 83
100 1 1
83 27 46
54 69 77
41 12 92
34 29 29
79 29 41
36 54 38
91 47 20
18 69 54
40 67 34
85 55 91
24 1 68
49 18 95
20 46 39
76 58 19
99 99 99
100 6 31
36 86 34
4 17 11
19 15 33
46 13 67
28 75 45
15 73 20
41 32 82
97 10 91
96 23 79
10 28 72
65 83 43
52 27 3
95 21 59
89 86 90
62 17 79
93 26 48
98 96 13
38 8 35
16 93 89
34 66 96
38 42 11
73 44 1
46 59 25
79 12 10
48 38 28
60 29 94
44 68 69
100 64 45
61 11 61
69 74 98
34 72 48
52 68 7
19 61 77
33 61 4
10 34 81
79 8 72
84 58 56
55 84 13
51 34 61
8 58 1
41 58 27
13 55 55
23 58 58
41 97 37
8 34 45
51 37 95
52 79 95
14 72 37
53 48 96
78 53 78
99 8 69
84 90 42
80 78 67
26 91 40
67 89 59
19 25 7
56 48 75
1 95 53
98 38 32
41 67 73
32 67 10
32 94 82
66 16 67
5 36 8
16 15 64
70 67 75
16 81 32
11 45 87
94 30 5
3 38 18
7 84 93
83 62 4
6 54 76
25 24 95
75 79 54
18 95 60
43 82 18
0 99 43
21 57 20
73 81 87
89 48 41
45 39 23
48 16 37
3 66 73
73 41 26
52 37 89
28 43 83
74 24 4
6 97 77
32 71 93
49 97 30
10 37 85
84 79 64
43 47 33
12 65 66
38 92 85
95 61 13
73 79 96
83 88 33
1 22 6
95 92 84
16 53 10
45 54 78
28 100 1
49 32 95
69 82 83
2 94 46
74 35 78
51 32 31
42 93 80
37 21 1
97 96 54
36 61 83
3 31 48
45 24 72
71 76 48
13 66 1
70 57 74
7 55 65
44 88 41
21 63 84
43 72 63
28 13 37
46 60 37
98 42 24
48 59 23
91 2 12
11 92 53
82 97 70
82 56 91
84 71 12
28 81 52
34 44 71
40 29 19
96 28 17
33 58 9
41 54 55
7 79 5
51 16 84
61 89 91
51 46 69
39 62 18
33 12 86
67 94 53
51 7 31
64 82 82
45 38 11
91 96 80
80 74 70
25 61 69
88 27 3
1 94 5
74 32 16
37 17 62
7 29 92
84 32 46
80 66 44
26 7 46
24 57 9
78 3 72
32 46 61
14 89 2
31 20 6
85 73 67
23 24 41
48 46 58
26 92 27
6 12 13
48 55 54
91 86 25
77 41 62
52 33 14
23 34 79
83 56 97
37 13 100
1 45 6
86 14 22
80 15 95
60 86 100
64 85 30
13 9 38
35 97 48
100 98 41
74 92 31
6 68 91
19 67 40
17 73 94
77 89 75
95 95 17
42 62 90
66 25 14
47 88 70
24 24 77
84 98 55
73 9 85
76 9 32
57 52 31
74 13 7
87 37 36
97 37 34
15 29 66
46 54 18
92 80 87
30 83 16
6 37 12
34 59 57
9 78 90
70 87 37
15 28 37
77 46 98
43 99 74
30 60 84
67 54 42
1 81 66
52 36 12
2 48 25
31 32 20
79 88 11
13 28 46
77 61 9
3 96 47
50 78 61
6 90 18
30 61 23
100 91 95
78 23 25
100 6 94
19 87 86
90 47 68
92 82 14
13 45 52
80 32 67
56 57 34
45 94 28
15 74 4
73 35 23
83 39 80
84 79 77
54 93 10
33 39 73
15 87 67
50 45 96
40 32 40
43 58 83
11 60 98
4 57 29
69 96 28
6 36 66
53 61 85
34 98 65
93 62 100
92 38 94
24 26 19
92 10 71
7 13 7