100
0 155 17 15 236 2825 426 309 35 2526 720 3489 995 32 1137 625 13 4460 4040 23 7013 2045 6045 22 288 2978 5136 1702 1541 146 1558 2509 1884 104 717 882 442 552 1847 210 756 615 5561 6134 2428 742 8549 935 33 3652 2849 137 29 5046 1227 96 4738 2268 1368 422 1412 1583
1 0 1 7 176 5 3198 1572 8 6 9 2 126 14 869 19 199 485 61 1089 404 65 37 63 27 30 15 231 110 549 88 159 56 28 4589 180 26 123 72 52 946 54 815 251 164 42 3912 396 57 436 40 425 240 398 116 75 9356 5367 1134 1290
2 8 2264 9 7 2 27 14 28 4 6 3 15 62 16 485 11 23 44 940 0 45 751 155 103 637 33 83 132 96 25 4063 92 1437 66 85 264 94 252 214 210 156 148 282 351 179 236 69 198 737 3244
3 3097 725 1434 585 73 2067 3676 7776 8801 125 42 1549 60 92 46 1456 67 447 24 4361 1772 590 256 3493 8643 4009 809 5519 768 141 35 6702 8295 4630 8704 84 1765 419 507 3926 222 7486 2371
4 0 1881 7687 3420 511 6147 3293 7275 2791 3033 3769 1628 9017 3689 8901 1843 552 941 1623 9464 4791 308 7287 3654 3056 993 2143 8518 1257 908 1956 2413 641 9290 862 568 433 3860 8401 3646 2894 1204 849
5 0 28 1173 2614 20 193 135 549 97 29 41 24 36 329 25 747 158 249 119 240 55 4258 316 1183 611 53 390 3057 45 500 90 8270 1541 9447 255 76 195 93 125 2627 73 98 77 1702 8044 1437 81 132 933 1274 2163 1550 797 1958 1263
6 7 1310 176 1334 19 14 859 6 13 121 37 69 20 21 148 1184 30 17 12 72 145 24 65 442 112 22 1476 40 280 18 56 41 29 172 86 137 70 95 5634 75 146 197 175 89 51 2196 133 81 1871 634 954 164 1791 1173 126
7 8 2 9 7 0 3 4 6 15 63 11 21 28 184 355 107 12 102 1452 229 145 16 139 23 316 10 56 47 410 55 157 40 24 187 46 195 2768 459 54 96 121 201 124 93 843 1496 7508 285 1315 4371
8 2700 252 2148 5367 1225 8734 7537 4 899 3467 3 484 38 22 158 8080 1388 2572 1597 1679 1734 3266 596 253 1287 120 524 5313 940 74 1440 2902 684 1468 1632 7292 11 8215 41 280 21 7915 17 13 4554 290 9030 4885 58 12 7033 178 5515 50 5247 4703 151 2608 3517 121 2140 4864 2158 2960 709 1290 10 135 7269 3302 1735 411 3747 8819 6837 35 4525 735 261 3179 1189 62 5011 187 268 23 1581
9 6729 1 468 121 8 4390 176 69 126 1122 5200 9 184 0 138 21 873 2955 2 16 62 135 35 899 166 290 55 229 18 44 432 3 199 145 72 25 31 58 7 65 28 45 6 103 510 232 70 5 41 163 14 4 727 2726 2820 2140 27 403 15 83 110 4308 142 97 2136 2079 5862 2721 554
10 2848 5926 8 138 1737 0 2 176 7 4 5 3477 27 3 468 199 22 11 14 23 4266 2701 16 37 10 5725 482 2871 914 940 131 20 61 513 1707 4978 824 4432 35 72 1826 624 47 1131 28 410 32 5031 1506 29 638 18 4210 859 442 4609 120 332 135 80 78 30 19 957 915 256 9 34 1327 1 1447 7959 841 739 63 126 708
11 11 121 1 19 13 236 120 148 72 55 41 117 371 372 38 82 54 103 8 112 206 79 494 48 51 0 114 136 125 111 64 142 327 9 2 5 75 7 87 272 248 181 37 69 290 653 404 303 6656
12 8 9 1 5 554 2 7 14 1502 138 3 19 0 1310 6 4 1077 2371 155 13 37 26 28 121 632 20 11 135 595 23 10 69 12 3483 114 32 120 7929 1263 390 126 175 290 2757 252 84 88 27 1591 2148 176 58 43 1298 54 803 421 52 221 2153 82 62 184 72 253 1850 16 867
13 611 572 1981 3839 4864 8116 4350 3284 2142 5336 8802 1959 1967 909 6644 393 9888 3706 3525 1686 2509 885 5902 1128 567 595 57 3676 1271 2922 6131 207 1988 2852 29 976 2653 8688 2491 1087 5834 240 1793 1979 3041 3257 1156 1042 2049 3096 3572 414 1445 6480 6558 2185 849
14 303 3457 1122 6656 708 9559 442 224 1587 65 2205 5850 650 2614 3591 7 130 49 185 398 370 4594 6979 3239 807 3182 196 1097 97 5721 349 825 0 143 1104 5 8 450 362 60 634 7367 680 3689 482 14 7155 1902 456 343 252 94 734 992 749 8168 7147 138 621
15 8 120 0 138 1263 19 11 1495 27 15 22 23 199 7 9 6 2291 18 309 13 280 72 42 54 5 62 147 84 513 3 9957 92 4 87 561 968 146 1 43 1401 2 3774 545 3082 113 14 1161 9365 96 391 361 182 308 107 3198
16 5429 4023 725 4848 659 2744 999 9225 2983 3054 288 1754 256 5069 1027 1985 151 167 933 1762 7791 1207 1590 461 303 3500 250 762 611 249 2268 6031 848 3698 6630 5791 1100 4974 191 1136 3715 418 6565 2767 207 3950 4797 2746 722 2857 506 1278 2169 2058 8262
17 6049 3923 4607 665 485 1524 1352 1554 6378 879 4343 8 510 2296 346 2 0 8015 9 1667 9927 4807 5404 1584 3977 1270 2145 4497 7 356 4167 5893 6369 583 9470 454 1077 2981 4813 273 4335 2905 5278 28 345 199 1420 3306 5218 2342 2232 238 435 2033 9351 561 8152 4 1030 2809 1743 1185 763 161 694 17 3243 4443 1498 1330 948 14 418 5 252 3021 3025 3904 797 138
18 355 120 879 686 1171 1930 21 1395 979 35 439 102 139 878 389 4102 9 267 9611 65 56 301 204 1251 5634 1604 2138 747 4302 2688 1369 2523 161 229 60 7984 50 8334 118 4388 6234 393 138 158 25 29 8703 646 750 1546 1052 51 48 3410 647 245 3983 157 3053 4089 546 339 910 3121 6756 231 613 365 2416 6058 742 524 1019 720 1226 585
19 139 995 1171 1799 12 285 1524 3142 38 764 3621 3448 5910 480 8933 9768 871 243 9732 598 800 625 778 8488 7387 5395 1762 6379 1376 2374 298 290 1689 55 2348 309 146 65 2391 545 9081 1548 134 2079 536 300 1612 1900 746 250 1128 1529 981 861 1896 168 5497 1244 2872 2403 1587 86 980 2492 849 9053 122 4430 3741 985 358 4317 333 5108 3498 4090 708
20 1290 8 5526 2 2153 9 2591 4 7 11 15 709 28 1052 176 148 35 23 107 199 6 907 44 20 102 17 12 13 249 45 62 36 4225 33 119 21 1771 49 75 125 1225 442 1117 0 2150 37 43 1169 97 849 29 14 1 436 3198 1256 184 686 155
21 0 2264 1 5 176 2 27 138 797 14 69 3 74 13 9 3158 20 18 21 30 494 63 16 44 199 103 17 1350 2848 38 236 96 8 41 249 107 33 35 12 110 23 325 233 403 878 54 26 47 594 65 204 25 749 88 598 7242
22 1310 1290 0 9517 7624 138 583 69 7 5 8 859 1 9 2818 19 1173 14 63 27 468 126 977 2 224 6 193 148 2402 37 253 442 72 20 303 356 28 197 236 15 57 2045 13 155 74 3211 166 3379 4 114 389 355 18 17 650 164 299 198 404 78 26 3 97 21 184 731 30 342 62 161 6035 70 207 45 3424 44 8955 1132 58 1930 2304 240 117 41 107 11 73 6404 23 277 280
23 252 139 17 35 671 482 55 1412 135 131 42 70 138 1429 84 2169 585 32 49 95 34 52 83 86 1506 172 253 60 343 1 881 536 1351 5 230 228 462 250 1450 1277 318 7607 3066 1407 226 114
24 0 2060 708 8 725 977 28 236 22 18 74 184 8450 426 15 554 120 621 1334 32 131 16 7086 88 2168 23 542 7373 1151 42 56 80 57 104 1119 91 39 271 382 769 612 1629 175 128 231 67 305 185 105 1566 27 375 414 269 274 126 138 6138 6698
25 8 1482 7242 5482 7 6 4 120 37 252 19 15 22 1610 72 6115 3880 1667 82 850 1554 2685 3398 3262 342 7382 1888 161 164 8243 10 301 2106 4397 11 1524 50 28 3196 3139 425 140 1222 4724 131 1174 166 389 147 9677 101 1645 3747 3251 64 542 40 112 83 8360 3964 602 880 7354 4100 393 45 36 1478 390 1184 1048 409 2709 485
26 0 3 1 16 131 24 187 25 342 46 138 60 206 890 1420 329 210 56 2052 91 80 66 409 3110 1019 69 526 85 78 446 554 8 415 313 5041 234 461 370 2 1333 258 1951 2889 199 5381
27 1 5 1954 3 2780 17 14 176 164 107 121 16 482 12 139 23 63 6668 70 552 24 443 34 849 82 4510 8 0 84 1365 27 389 331 44 122 300 206 228 1522 29 47 112 157 343 909 2 901 35 60 32 115 9 855 2171 409 377 2889 69
28 0 621 121 148 2 1917 9 1583 253 44 914 4 224 35 612 55 114 653 24 552 45 51 132 42 1352 60 198 67 70 41 2048 64 144 258 77 272 383 206 478 73 264 414 1150 173 860 197 2486
29 1 329 442 236 290 21 650 331 330 44 2700 2487 727 7584 31 52 1697 231 496 274 962 393 1000 270 66 881 2298 223 1272 6668 89 335 1803 4044 5195 1669 8911 360 793 526 170 417 594 490 137 337 281 3201 5033 176
30 27 968 2076 1610 9543 126 625 2385 2274 6097 61 8938 1132 992 1332 110 3502 31 332 1447 4801 4597 1401 2735 275 7774 8365 149 234 274 1979 8241 610 1210 8875 687 2427 9360 150 9246 162 79 5484 3943 1026 1904 537 8427 602 8740 1596 164 6450 465 3149 756 3309 1583 155
31 8 5 2 0 3 554 9 549 16 199 197 1 4 28 11 58 1065 268 102 31 1106 96 6 1734 10 301 138 23 253 881 17 3008 280 20 915 735 105 2360 408 5626 27 119 249 1989 1320 776 621 1093 1793 30 15 21 1911 117 273 596 29 82 39 867
32 5921 138 8 2 797 709 11 21 968 120 3110 65 22 184 18 4 10 135 176 74 12 69 0 2076 13 60 20 34 7 339 782 1 9 663 619 5 321 2700 91 900 131 47 37 31 186 70 14 554 975 139 1771 38 232 253 2614 5615 2717 3849
33 3097 138 482 6698 900 126 252 1917 5150 82 3483 20 404 3046 9933 69 940 63 1930 193 1384 102 2444 1954 73 3600 8751 679 62 299 961 45 2274 303 432 1793 1114 2521 9896 3563 3514 2291 4820 4953 1284 3455 3447 5754 1184 13 92 9572 1572 1468 2848 681 995 609 2214 316 3248 665 54 4172 83 1807 8 78 145 3119 1011 158 31 2717 2116 204 503 554 84 973 176 0 9 1667 53 1019 1365 8853 33 2425 180 990 51 377 58 149 7 211 52 162 812 6656 5101
34 8 1290 2 6604 3 9 4 2713 16 1 138 63 28 4977 268 25 82 1575 20 0 19 1809 29 2126 15 35 391 137 164 78 33 171 305 1665 168 178 40 442 166 333 95 18 91 1324 611 2504 206 1756 118 81 57 2492 3248 2153
35 8450 4613 3923 1604 899 316 1122 5895 9957 1065 7709 1440 1799 10 9713 4164 7718 5221 300 6059 7970 3190 6644 7537 5158 2148 969 6137 8315 829 454 3126 1186 82 8030 1506 6962 388 277 4710 3011 1883 444 675 1607 5552 344 1494 2576 4410 4358 8973 108 594 4435 975 1016 190 128 9391 2239 385
36 0 120 3497 4171 1638 797 8454 751 3483 2659 2930 7048 979 624 4688 1005 859 1783 7081 1168 4067 1412 164 7069 27 406 4662 5329 647 725 1936 4704 149 434 3718 1080 669 1332 1702 9710 8465 712 198 1528 9521 733 163 967 5 4919 9562 252 280 2180 469 871 396 9246 1351 4984 3996 1151 616 1966 454 2979 1508 9040 126 1404 3003 998 697 549 2097 2492 410
37 3097 968 0 27 176 7 5 14 19 121 126 252 1089 6 1737 166 5862 10 184 356 37 155 410 30 371 24 18 41 26 8 158 61 395 22 114 332 48 32 2430 42 88 1 2 1482 175 2147 55 84 69 253 77 228 4347 681 129 2513 106 3 327 1256 28 2453 4310 303
38 3299 7373 6166 2572 7977 8948 815 2385 5329 4221 304 903 9906 7253 2840 7924 2047 3471 165 2191 364 2696 2992 7975 2738 5472 4018 5803 293 3659 1362 3478 1370 6284 3025 3455 853 3444 698 906 2805 298 1314 3034
39 0 1671 5381 138 968 728 4768 731 62 5921 27 1 797 74 16 17 468 2383 18 22 8 7104 583 176 977 2889 280 38 15 9 42 55 33 34 166 3182 148 79 5895 2 28 2503 207 46 5546 896 7048 5 11 40 335 7 273 119 356 162 1667 1292 615 598 110 97 57 836 86 96 1520 5480 193 44 184 554
40 0 1958 3849 6698 859 869 135 482 1184 1263 6831 210 928 621 879 595 907 777 388 6373 31 231 972 632 265 3879 53 977 803 480 7734 7481 561 2372 566 76 155 8 7 1768 497 1275 9208 9 299 2475 3704 3561 183 143 160 2 4849 3345 3858 2442 538 672 2423 3044 5931 1 1880 439 1153
41 554 0 155 7 900 1173 2076 14 27 1679 121 4142 3613 5 389 197 6 665 382 37 737 50 17 3884 24 4364 625 1510 11 549 152 117 73 476 120 224 42 3135 2735 13 1408 329 516 650 38 205 9039 371 52 268 253 96 4728 12 10 60 7147 2616 204 1723 22 7878 1262 64 1287 3790 157 910 2258 2214 784 979 2780
42 1263 8 708 9517 3198 7 0 3172 57 7347 138 27 6 38 3441 1 1643 5973 935 19 9519 5860 3 252 74 126 2 5 123 18 332 69 1522 37 9 1495 161 155 1184 6362 2047 39 121 4408 5514 11 482 3286 15 1027 1789 170 487 3533 14 7360 224 30 41 4 151 1611 284 62 8364 2862 132 63 20 28 4288 356 2076 1387 9749 236 65 441 9701 8911 968 4537 164
43 1876 6126 21 139 299 1128 5205 3038 1513 7986 1988 2218 1483 67 238 132 9359 77 158 3455 219 1274 8629 3016 98 7797 7589 2152 2313 1360 168 4040 1509 1353 7559 3540 747 1429 6848 9478 2029 3231 755 502 412 1068 257 6045 664 3532 2480 4247 126
44 708 404 4023 1070 9886 5851 4869 2196 410 1270 4089 681 187 7594 4982 1881 2707 2106 1651 880 348 2785 789 3363 6402 8034 485 595 742 2698 1283 498 256 2823 5395 2563 2116 120 339 5621 3870 1476 7518 1204 3927 1933 1379 3849 211 3443 4532 1674 8480 2091 3970 750 24 869 5210 370 73 8739 1376 587 2721 4817 201 716 1002 8541 301 9459 331 330 1017 6169 38 2700 3913 67 1878 712 1413 3065 327 1753 1033 1236 2841 653 3246 1395 1077 9824
45 8 138 9 554 2 7 0 14 6 120 5 15 19 27 4 23 37 28 3 11 12 10 114 20 309 193 26 655 30 158 1881 332 52 1387 252 78 164 82 4226 33 330 171 43 79 162 40 225 61 32 151 2090 2162 243 3470 2177
46 0 1502 4148 1 14 8 138 1155 1324 6092 7151 7408 17 58 329 5429 9572 2659 1369 93 9 224 1692 12 2 979 485 4568 1270 152 1298 3378 501 983 1771 884 289 1667 5720 33 172 634 4372 824 4985 83 16 294 205 2816 206 1494 836 489 1903 8654 54 218 7854 1168 7 2950 346 268 27 1019 2325 873
47 138 1 3106 5990 57 583 82 2264 224 0 3514 45 5182 54 1495 6930 4336 2208 129 1521 3483 4500 4977 1200 484 139 2177 9054 8 517 6684 90 3379 614 992 1434 77 110 39 339 1702 383 7 1073 659 9 2902 2 2291 13 737 69 188 20 344 244 1307 27 109 3887 36 192 480 5 1327 3635 309 468
48 8 9 3684 7 1384 6 19 120 2955 968 404 252 583 1554 15 164 4 37 4247 751 4799 28 1283 148 356 11 4497 10 1510 184 211 22 1809 2825 389 1344 300 79 48 8334 84 5843 665 330 1312 5 545 55 34 119 1575 0 348 4157 398 914 71 146 1593 841 176 2905 198 7569 147 227 62 114 3692 1601 2920 274 7384 39 24 138 27 2148
49 1671 7 3 37 229 69 61 21 16 20 96 566 708 137 30 166 36 3332 1452 74 31 80 1334 49 212 138 763 519 102 0 641 78 1325 186 94 59 8 89 350 994 996 9 113 473 4507 2371 2120 583 8271
50 0 1482 2513 859 919 303 5295 11 2073 2612 60 3222 45 2444 155 6577 236 2292 4864 78 44 198 776 23 8702 1343 7 817 594 1221 5084 485 9 1599 126 46 6523 9346 900 968 587 2941 647 739 1446 1921 2248 8044 31 233 83 4995 390 1524 152 926 5 240 70 216 76 6755 2787 1891 4619 19 6762 1269 71 2688 3869 404
51 0 2818 9365 8 725 7 1 2 5501 5 9 27 28 977 121 3 3046 4 14 11 197 3923 6 2826 21 15 5659 2148 63 5603 45 117 78 35 1387 6877 5031 17 371 22 13 20 30 18 19 1225 58 665 12 10 1989 1826 16 1745 102 24 1159 1692 2420 41 268 146 910 72 329 187 23 2613 198 2500 4946 155 138
52 211 9832 2162 2523 961 4421 7307 1601 4130 1153 5616 7959 2293 6744 5936 9946 1465 7869 397 2164 8955 850 2190 6001 310 365 4277 1401 2175 2577 901 1805 1417 1186 4589 6376 1012 105 1088 6514 1096 1950 3999 2275 868 476 1591 4025 861 5175 6180 1469 2886 5069 593 2152 786 239 198 1853 5555 146 296 3182
53 1315 1077 1434 74 4371 1495 30 17 20 909 70 58 110 899 45 524 138 1296 8660 73 118 1704 382 325 92 4478 216 246 53 39 289 534 1866 3243 1313 176 2249 8 385 898 134 215 760 1035 1277 7064 302 335 1056 243 948 1876
54 9 7 69 3 62 14 16 10 243 193 451 78 164 61 12 468 82 2612 184 48 34 115 624 55 1001 180 1489 126 928 178 288 1321 636 663 1568 4632 2316 954 2000 56 273 566 482 1607 3141 18 149 346 509 144 321 5982 4088 5020 830 797 1330 751 6572 176
55 8 1502 3244 0 900 6887 1263 155 126 9 5 2 7 1737 3774 27 1 1495 13 14 107 869 57 15 3 19 485 6 4 1184 23 1270 867 65 117 725 11 152 28 2112 37 176 80 146 1151 88 103 404 468 63 17 121 348 21 662 199 410 38 115 1434 510 187 637 30 26 957 4148 650 16 3008 193 1089 10 7293 443 5603 145 20 2651 8094 166 25 18 252 138 3477 554
56 3756 5276 948 35 78 38 624 82 36 880 211 4514 50 2431 707 90 825 117 3057 2943 1697 196 1194 115 7499 1840 805 789 154 2810 1287 2451 203 3006 388 9915 4452 1600 100 3014 5566 181 160 34 481 1184 2044 59 53 223 868 1936 2264 1502
57 3975 5 19 968 126 404 197 20 37 30 268 3831 26 17 158 36 1506 114 110 484 53 480 375 7918 43 429 2348 218 196 212 1442 448 118 76 28 116 349 296 1877 176 779 358 27 323 2330 111 154 977 8 503 708
58 2153 9894 850 1597 720 2659 3441 4895 684 285 1106 6379 4104 859 1077 3768 1065 990 1612 342 2593 5838 429 4417 1334 8355 1284 1521 7279 17 2955 666 3514 6756 1228 4133 3131 1627 3516 8076 1768 4672 2120 1149 396 289 3773 7548 745 1457 8430 254 550 1534 128 909 978 5312 513 434 468 4667 6 1132 6005 7460 2300 245 4493 294 4596 244 4390 655 120 869 3106
59 6138 6238 5333 8139 5643 204 979 873 2187 123 243 6335 8138 1385 1972 2692 2956 914 857 1011 762 535 167 746 933 1745 195 2231 1805 6134 1480 8146 702 2980 6246 8969 871 1966 189 4646 2104 1187 2948 434 902 3908 203 2043 5459 1096 29 2783 1100 3101 225 8601
60 65 355 5554 5985 1756 17 107 1089 123 22 58 29 54 6379 1131 38 53 84 301 122 235 106 310 115 836 3839 636 39 95 3319 216 409 1927 101 297 111 113 130 951 119 143 219 4837 9271 9030 5661 583 4247
61 1 63 468 6979 566 815 2976 131 650 52 7672 1656 285 40 444 4618 2134 487 574 422 408 968 5801 8672 2759 5751 3661 4099 221 81 9311 609 8272 89 79 2147 213 105 1137 266 374 4858 1168 215 230 984 1754 142 2649 3624 5580 2430 211
62 7624 155 138 0 14 919 9502 27 8 3 236 120 117 2616 26 6379 1122 69 16 1826 2521 3428 650 2076 583 5 19 112 662 2 1 4413 3270 7966 495 151 7454 5887 9 28 363 382 10 3052 5876 24 2298 2858 1591 31 3400 5296 2143 1012 404 111 22 982 1187 74 64 118 9634 700 4606 5773 356 176 1310
63 0 900 285 8402 3248 138 4364 255 971 2359 8 2371 2158 1745 2683 399 1052 5448 9 2849 968 401 139 1054 4336 3642 475 6481 1303 395 115 976 1223 47 3 2 4880 5779 5 155 3222 7 8355 715 660 557 1123 1554 267 8947 3423 8543 1 506 1104 1967 1283 1779 4605 3349 3100 1495 468 583
64 0 9305 8 7 27 57 2 161 301 1283 3032 126 9 542 778 4 157 146 784 6769 805 962 3317 1737 6767 2298 873 9584 2705 265 166 1384 296 100 7837 90 155 671 72 977 63 3211 60 1745 1930 731 137 2238 3 19 465 399 2126 969 224 505 348 408 37 2145 379 55 6258 5055 356 40 5253 28 120 2433 621
65 1679 3767 5482 11 21 8761 299 166 468 432 72 1597 10 37 20 88 679 410 4288 117 1412 6459 103 6222 1385 7753 335 102 47 183 4962 112 56 73 132 1117 2296 4403 59 184 395 4978 1491 1017 604 25 841 119 429 97 3582 1476 734 53 646 135 277 64 2200 41 434 764 45 165 1732 2818 967
66 0 6656 65 1413 524 7325 3142 309 356 13 3477 1951 22 138 25 1583 199 8 6539 101 119 457 117 3053 3639 132 1 684 659 136 7437 87 2849 7162 4482 146 307 636 288 8342 171 485 3205 947 2 4040 7674 1530 395 574 1564 1438 236 158 9 1424 2593 3323 549 1124 1540 252 404
67 9 7 2 155 8 27 4 37 65 6 126 3389 5 57 10 21 152 78 3 1434 1387 14 69 229 120 35 157 184 61 26 30 671 31 12 118 1506 71 519 107 160 3692 88 631 19 149 48 1263 216 51 102 23 0 284 265 468 1290 63 404 4023 9886 566 3767 708 3975
68 5661 6698 243 1122 6459 62 1888 2513 468 22 2112 18 5990 3158 7850 29 1428 2216 4266 372 517 424 1395 5667 112 170 1320 377 604 76 81 715 279 612 5350 142 264 255 63 4347 83 509 183 194 647 324 108 1436 156 314 69 554 357 3293 1491 384 213 155 8 725
69 2120 6986 2177 6290 356 2371 4342 583 2112 107 63 243 6452 3520 309 501 751 14 22 17 782 117 1468 671 3204 2448 2616 82 3299 84 1522 1005 335 1593 171 13 121 88 24 1119 145 572 15 240 3853 4301 41 2359 778 3266 1294 73 4834 42 1757 216 9665 659 388 211 4436 2919 426 8271 2744 1446 6543 4276 4035 2085 2100 3561 7827 824 7042 10 971 43 516 762 77 5876 249 1408 371
70 0 176 69 253 410 56 13 2973 545 487 4919 231 7546 4859 90 59 880 762 240 75 1113 365 1078 362 887 46 298 5724 666 47 2837 1497 577 4724 48 367 6565 1626 840 1537 984 4942 378 7303 147 342 1604
71 2591 15 4 252 1384 355 4656 1671 0 8 2 3424 7 728 9 4881 715 439 2212 83 161 1721 1334 2684 290 69 68 33 204 210 1 77 5447 143 523 120 6 534 2477 66 546 131 446 14 150 445 225 138 5 3 1495 3564 3953 442
72 1384 404 356 653 679 7712 2433 1408 5150 6035 84 948 1510 2261 6092 243 1894 1958 3358 1571 800 69 7862 1183 1721 6082 8309 4977 3395 2859 5038 1967 6655 803 477 2094 1215 1558 785 1758 2262 8184 9613 388 261 475 1566 397 1478 515 1190 71 750 543 6094 4630 1621 174 4838 798 124 15 3046 3410
73 3774 686 1495 1756 3706 3923 8528 8454 6057 867 309 2198 2244 426 609 3708 5209 13 3826 2741 1256 2857 5659 3818 3166 6188 919 782 72 776 5124 574 1307 18 2063 1611 69 703 2703 1128 1122 46 8156 155 7218 54 520 2700 4320 1562 1232 1114 1195 7798 250 131 1386 320 619 2201 3824 333 6735 1106 1494 1558 4726 1311 6589 267 4524 33 8438 2869 1571 597 5627 3403 1251 9794
74 2848 5526 199 2 9 5 19 28 65 15 4 11 14 21 268 3759 5011 131 17 621 280 4429 243 4413 10 316 4609 2573 5616 32 0 80 25 443 88 38 446 109 2296 137 148 501 85 7 1038 22 134 242 431 23 12 4676 395
75 583 69 120 1 3244 5 356 147 8734 50 63 1671 309 1482 144 679 58 257 346 170 98 454 6165 159 587 173 2431 34 41 100 1841 57 325 489 195 1604 174 79 245 52 44 32 209 87 217 65 484
76 0 2060 155 867 900 3849 9 7 3992 8 27 869 1 5 6402 2 28 14 6 126 121 63 8095 3 4 19 1315 148 549 166 404 16 3182 15 30 184 3398 197 24 3279 35 23 236 22 4364 372 728 199 145 62 3408 11 157 5313 17 114 112 107 1780 332 3470 6288 2168 1604 999 389 164 1344 13 88 152 371 681 21 542 10 957 26 495 104 61 2844 44 382 484 285 1388
77 6163 3591 426 8466 5286 896 5582 899 3160 5848 9710 1593 331 3884 6745 135 2258 501 2533 720 330 103 8733 33 2378 90 144 5872 513 25 2942 4959 1638 3603 1251 1258 8241 1352 235 7342 6961 32 2265 52 1300 4098 75 1577 254 533 651 8332 7792 403 68 271 3981
78 1502 7055 1591 8402 731 3700 58 1482 1597 2282 285 102 78 2198 7658 4994 2579 1714 325 46 443 1643 7895 8702 122 245 87 1310 391 48 67 178 426 1613 168 183 261 680 126 2818 5558 1801 64 361 878 3796 370 859 587 5472 2858 292 19 1913 352 654 300 1690 3631 8114 461 1581 355 243 645 1951 2371
79 8 28 485 15 13 23 57 152 131 6 11 164 681 62 25 12 140 18 372 87 119 98 238 476 156 1959 112 157 71 51 159 4281 76 484 500 81 227 3983 4122 291 68 2533 103 107 410 897 997 1861 139 2503
80 0 1572 2060 184 316 224 197 290 6337 145 31 3706 6347 3807 7559 148 2683 6616 2 2136 9335 1 1195 1321 95 149 1584 137 1152 451 1065 948 1174 659 971 3 103 990 108 1153 496 138 9 9947 8 1173 7 1862 726 14 1911 1012 104 101 641 4241 9678 287 3281 422 1454 1386 147 8040 161 3089 2812 69 2614 968 410 686
81 138 1 355 63 17 5091 20 161 83 193 907 131 164 211 29 32 1627 662 95 300 253 554 727 144 68 715 156 829 273 375 56 59 3631 282 325 1017 147 110 167 345 5 65 259 85 231 1135 120 133 277 240 1738
82 126 155 120 494 3102 252 3457 927 58 1171 426 873 7677 2282 4525 54 1734 6051 9551 999 841 583 339 432 2967 7291 1294 342 484 2538 3215 2717 914 1937 271 9542 247 1300 5773 1606 225 451 625 1227 235 112 135 1546 6467 128 163 2114 6656 2592 879 496 7433 9294 3097 1274 1628 1665 30 5882 6029 536 516 341 978 2739 360 99 578 1218 1303 1671 355 725 138
83 0 28 3244 2780 5959 1656 35 84 102 29 119 8 39 4178 2 49 267 106 549 97 162 235 7315 140 2654 227 105 1 86 179 387 319 589 3975 970 3175 63 3406 891 1932 670 4273 6 797 15 372 199 2433 371 1482
84 1737 155 1 69 28 621 4347 21 15 65 6049 13 102 229 9 17 62 57 58 114 5276 12 54 9047 117 6 1256 86 38 4291 34 74 3412 487 123 140 51 158 36 50 653 204 1236 3008 7908 49 455 64 145 53 289 321 125 363 96 599 1275 515 138 280 8 176
85 138 442 2170 139 1554 187 6718 1312 524 4421 7401 24 552 19 5349 3071 2562 6234 1388 88 4962 355 715 6304 1106 73 17 9086 850 1412 193 42 5605 1222 1756 3024 1757 7876 1398 782 20 5641 299 3569 249 1137 3158 120 1344 516 626 2652 74 615 2730 574 123 938 970 2397 238 201 6787 1393 417 4606 3224 2432 158 183 2052 1292 1001 544 7557 152 5225 2651 69
86 7 9 2 5 0 1 4 3 14 11 21 19 72 16 6 37 199 35 10 44 145 30 17 96 60 277 34 267 50 100 538 599 245 47 61 189 66 154 539
87 9 3 197 2841 253 907 909 5448 3160 371 62 679 3053 624 36 1862 82 26 1073 451 1725 2334 331 6915 130 632 81 949 108 377 281 55 27 142 2288 1041 3069 4048 134 101 6 177 39 598 538 323 353 115 166 869 583
88 554 869 4171 7117 1384 4841 2899 8 3457 4500 9054 914 6577 4090 5546 9 1388 7727 957 2 5668 9593 1263 1850 5778 0 7 2316 510 1571 1027 1468 7777 51 1223 501 4829 79 250 4329 896 1189 1583 67 2552 173 290 2212 4 660 3299 38 15 238 37 1958 2169 2322 1704 21 48 209 278 6 45 2739 18 130 28 282 27 120 155 725
89 1495 867 27 5350 968 58 155 7584 1734 9514 268 121 206 782 2019 6087 1896 348 36 726 8978 545 5773 41 178 161 53 3137 102 1757 4618 110 1954 636 1601 596 424 126 24 625 240 26 3526 4537 1134 146 79 40 73 233 594 646 436 841 4962 210 2377 8790 218 943 532 97 3024 583 1172 9657 1008 2941 74 1340 52 330 4048 6082
90 138 5 1 27 14 184 63 2371 19 120 655 331 686 158 72 97 4551 155 52 330 88 110 679 26 3977 638 30 83 90 646 32 372 843 424 140 6160 907 25 1110 92 118 218 65 1260 425 449 198 9358 131 716 751 98 42 8381 1808 7707 159 8461 382 4479 3022 1678 2020 135 4266 482 4171
91 3244 3684 6018 5659 2492 2304 663 8334 8019 1090 8 4131 6005 7600 2685 2741 1016 859 2513 1691 2238 2972 8992 455 2020 5850 825 9127 0 1119 8438 651 4370 1227 152 3003 4581 184 4289 644 4962 183 211 126 4148 27 193 151 7167 7607 43 1091 2033 374 339 5275 421 948 395 962 1070 680 120 919 3229 5664 1746 869 654 2905 1437 4081 1221 6795 7913 998 1457 9 4171 2371 138 176
92 27 1958 1583 57 1714 356 316 9138 107 38 3097 45 121 166 152 41 16 1799 74 290 25 97 595 659 24 132 106 299 58 206 122 1673 789 611 71 54 235 49 80 549 179 216 459 169 176 551 327 205 248 190 397 583 224 1334
93 1951 549 152 1152 3600 193 50 915 9542 585 3194 71 750 2285 2296 422 737 31 275 2205 597 59 160 845 310 99 1155 122 1736 866 1948 2073 6137 3586 144 4219 4070 1098 128 185 555 276 150 1103 2067
94 2486 4364 2402 5051 1200 4281 1506 2819 4157 632 1412 8993 1783 7708 3458 1031 824 2185 764 1750 857 1000 8492 5483 681 1008 1344 830 4425 3428 861 2576 6785 978 178 1001 3398 7590 557 7971 697 4625 402 2965 5447 572 5909 1223 189 374 4857 946 170 218 2882 812 2329 757 2601 725 1360 123 432 544 686 180 524 1790 2120 2707
95 7234 3199 8094 316 8992 2132 392 1564 5442 742 3441 3348 9039 7081 5390 331 6913 2670 3995 1336 228 8243 1183 1575 929 1863 2138 5516 200 390 2820 402 2668 6951 196 2706 267 7313 222 652 7173 4157 3946 813 5196 487 4725 2526 1112 2169 3751 4373 9493 1807 594 4021 1161 2460 3404 488 1597
96 2 2818 28 131 69 126 229 63 139 1766 2003 737 249 38 609 57 329 74 655 709 65 301 2240 145 32 29 2088 123 35 542 25 40 107 596 24 140 455 42 1339 41 271 81 1001 156 1361 80 201 504 219 163 127 90 1862 106 189 3397 155 184
97 8 138 0 69 9 2 6 5381 7 6102 15 27 5276 4142 4 28 5 1591 2889 1 65 12 14 4301 329 78 19 3 126 9691 1395 22 120 426 18 1434 62 9630 4266 671 1200 6379 21 197 90 815 178 285 13 86 2653 72 3441 36 624 148 46 57 1881 1868 63 249 168 11 187 114 103 102 267 23 10 140 1095 92 3102
98 3097 8 9 2 0 27 6 1 5 69 14 11 139 19 7 4 120 15 121 2148 410 236 62 72 28 3 5394 915 797 44 2039 12 927 2478 7347 229 63 10 82 41 20 23 26 18 7753 6201 40 1736 5350 7173 55 58 17 52 157 249 38 285 224 114 45 16 198 329 1161 65 4157
99 138 3110 0 27 15 14 69 199 482 303 1334 139 62 7 2478 583 38 18 7234 12 63 1954 686 166 19 61 22 252 637 1756 37 161 13 8 178 2504 32 70 84 609 4397 56 175 9 1052 33 7454 135 6141 4487 503 74 55 168 1023 1352 36 6385 8707 68 155 4818 7218 65 211 101 1 198 224 180 5 299 2918 708 6402