1000 1000
0.1 0.1 0.1 0.1 0.1 0.1 0.1 0.1 0.1 0.1 0.1 0.1 0.1 0.1 0.1 0.1 0.1 0.1 0.1 0.1 0.1 0.1 0.1 0.1 0.1 0.1 0.1 0.1 0.1 0.1 0.1 0.1 0.1 0.1 0.1 0.1 0.1 0.1 0.1 0.1 0.1 0.1 0.1 0.1 0.1 0.1 0.1 0.1 0.1 0.1 0.1 0.1 0.1 0.1 0.1 0.1 0.1 0.1 0.1 0.1 0.1 0.1 0.1 0.1 0.1 0.1 0.1 0.1 0.1 0.1 0.1 0.1 0.1 0.1 0.1 0.1 0.1 0.1 0.1 0.1 0.1 0.1 0.1 0.1 0.1 0.1 0.1 0.1 0.1 0.1 0.1 0.1 0.1 0.1 0.1 0.1 0.1 0.1 0.1 0.1 0.1 0.1 0.1 0.1 0.1 0.1 0.1 0.1 0.1 0.1 0.1 0.1 0.1 0.1 0.1 0.1 0.1 0.1 0.1 0.1 0.1 0.1 0.1 0.1 0.1 0.1 0.1 0.1 0.1 0.1 0.1 0.1 0.1 0.1 0.1 0.1 0.1 0.1 0.1 0.1 0.1 0.1 0.1 0.1 0.1 0.1 0.1 0.1 0.1 0.1 0.1 0.1 0.1 0.1 0.1 0.1 0.1 0.1 0.1 0.1 0.1 0.1 0.1 0.1 0.1 0.1 0.1 0.1 0.1 0.1 0.1 0.1 0.1 0.1 0.1 0.1 0.1 0.1 0.1 0.1 0.1 0.1 0.1 0.1 0.1 0.1 0.1 0.1 0.1 0.1 0.1 0.1 0.1 0.1 0.1 0.1 0.1 0.1 0.1 0.1 0.1 0.1 0.1 0.1 0.1 0.1 0.1 0.1 0.1 0.1 0.1 0.1 0.1 0.1 0.1 0.1 0.1 0.1 0.1 0.1 0.1 0.1 0.1 0.1 0.1 0.1 0.1 0.1 0.1 0.1 0.1 0.1 0.1 0.1 0.1 0.1 0.1 0.1 0.1 0.1 0.1 0.1 0.1 0.1 0.1 0.1 0.1 0.1 0.1 0.1 0.1 0.1 0.1 0.1 0.1 0.1 0.1 0.1 0.1 0.1 0.1 0.1 0.1 0.1 0.1 0.1 0.1 0.1 0.1 0.1 0.1 0.1 0.1 0.1 0.1 0.1 0.1 0.1 0.1 0.1 0.1 0.1 0.1 0.1 0.1 0.1 0.1 0.1 0.1 0.1 0.1 0.1 0.1 0.1 0.1 0.1 0.1 0.1 0.1 0.1 0.1 0.1 0.1 0.1 0.1 0.1 0.1 0.1 0.1 0.1 0.1 0.1 0.1 0.1 0.1 0.1 0.1 0.1 0.1 0.1 0.1 0.1 0.1 0.1 0.1 0.1 0.1 0.1 0.1 0.1 0.1 0.1 0.1 0.1 0.1 0.1 0.1 0.1 0.1 0.1 0.1 0.1 0.1 0.1 0.1 0.1 0.1 0.1 0.1 0.1 0.1 0.1 0.1 0.1 0.1 0.1 0.1 0.1 0.1 0.1 0.1 0.1 0.1 0.1 0.1 0.1 0.1 0.1 0.1 0.1 0.1 0.1 0.1 0.1 0.1 0.1 0.1 0.1 0.1 0.1 0.1 0.1 0.1 0.1 0.1 0.1 0.1 0.1 0.1 0.1 0.1 0.1 0.1 0.1 0.1 0.1 0.1 0.1 0.1 0.1 0.1 0.1 0.1 0.1 0.1 0.1 0.1 0.1 0.1 0.1 0.1 0.1 0.1 0.1 0.1 0.1 0.1 0.1 0.1 0.1 0.1 0.1 0.1 0.1 0.1 0.1 0.1 0.1 0.1 0.1 0.1 0.1 0.1 0.1 0.1 0.1 0.1 0.1 0.1 0.1 0.1 0.1 0.1 0.1 0.1 0.1 0.1 0.1 0.1 0.1 0.1 0.1 0.1 0.1 0.1 0.1 0.1 0.1 0.1 0.1 0.1 0.1 0.1 0.1 0.1 0.1 0.1 0.1 0.1 0.1 0.1 0.1 0.1 0.1 0.1 0.1 0.1 0.1 0.1 0.1 0.1 0.1 0.1 0.1 0.1 0.1 0.1 0.1 0.1 0.1 0.1 0.1 0.1 0.1 0.1 0.1 0.1 0.1 0.1 0.1 0.1 0.1 0.1 0.1 0.1 0.1 0.1 0.1 0.1 0.1 0.1 0.1 0.1 0.1 0.1 0.1 0.1 0.1 0.1 0.1 0.1 0.1 0.1 0.1 0.1 0.1 0.1 0.1 0.1 0.1 0.1 0.1 0.1 0.1 0.1 0.1 0.1 0.1 0.1 0.1 0.1 0.1 0.1 0.1 0.1 0.1 0.1 0.1 0.1 0.1 0.1 0.1 0.1 0.1 0.1 0.1 0.1 0.1 0.1 0.1 0.1 0.1 0.1 0.1 0.1 0.1 0.1 0.1 0.1 0.1 0.1 0.1 0.1 0.1 0.1 0.1 0.1 0.1 0.1 0.1 0.1 0.1 0.1 0.1 0.1 0.1 0.1 0.1 0.1 0.1 0.1 0.1 0.1 0.1 0.1 0.1 0.1 0.1 0.1 0.1 0.1 0.1 0.1 0.1 0.1 0.1 0.1 0.1 0.1 0.1 0.1 0.1 0.1 0.1 0.1 0.1 0.1 0.1 0.1 0.1 0.1 0.1 0.1 0.1 0.1 0.1 0.1 0.1 0.1 0.1 0.1 0.1 0.1 0.1 0.1 0.1 0.1 0.1 0.1 0.1 0.1 0.1 0.1 0.1 0.1 0.1 0.1 0.1 0.1 0.1 0.1 0.1 0.1 0.1 0.1 0.1 0.1 0.1 0.1 0.1 0.1 0.1 0.1 0.1 0.1 0.1 0.1 0.1 0.1 0.1 0.1 0.1 0.1 0.1 0.1 0.1 0.1 0.1 0.1 0.1 0.1 0.1 0.1 0.1 0.1 0.1 0.1 0.1 0.1 0.1 0.1 0.1 0.1 0.1 0.1 0.1 0.1 0.1 0.1 0.1 0.1 0.1 0.1 0.1 0.1 0.1 0.1 0.1 0.1 0.1 0.1 0.1 0.1 0.1 0.1 0.1 0.1 0.1 0.1 0.1 0.1 0.1 0.1 0.1 0.1 0.1 0.1 0.1 0.1 0.1 0.1 0.1 0.1 0.1 0.1 0.1 0.1 0.1 0.1 0.1 0.1 0.1 0.1 0.1 0.1 0.1 0.1 0.1 0.1 0.1 0.1 0.1 0.1 0.1 0.1 0.1 0.1 0.1 0.1 0.1 0.1 0.1 0.1 0.1 0.1 0.1 0.1 0.1 0.1 0.1 0.1 0.1 0.1 0.1 0.1 0.1 0.1 0.1 0.1 0.1 0.1 0.1 0.1 0.1 0.1 0.1 0.1 0.1 0.1 0.1 0.1 0.1 0.1 0.1 0.1 0.1 0.1 0.1 0.1 0.1 0.1 0.1 0.1 0.1 0.1 0.1 0.1 0.1 0.1 0.1 0.1 0.1 0.1 0.1 0.1 0.1 0.1 0.1 0.1 0.1 0.1 0.1 0.1 0.1 0.1 0.1 0.1 0.1 0.1 0.1 0.1 0.1 0.1 0.1 0.1 0.1 0.1 0.1 0.1 0.1 0.1 0.1 0.1 0.1 0.1 0.1 0.1 0.1 0.1 0.1 0.1 0.1 0.1 0.1 0.1 0.1 0.1 0.1 0.1 0.1 0.1 0.1 0.1 0.1 0.1 0.1 0.1 0.1 0.1 0.1 0.1 0.1 0.1 0.1 0.1 0.1 0.1 0.1 0.1 0.1 0.1 0.1 0.1 0.1 0.1 0.1 0.1 0.1 0.1 0.1 0.1 0.1 0.1 0.1 0.1 0.1 0.1 0.1 0.1 0.1 0.1 0.1 0.1 0.1 0.1 0.1 0.1 0.1 0.1 0.1 0.1 0.1 0.1 0.1 0.1 0.1 0.1 0.1 0.1 0.1 0.1 0.1 0.1 0.1 0.1 0.1 0.1 0.1 0.1 0.1 0.1 0.1 0.1 0.1 0.1 0.1 0.1 0.1 0.1 0.1 0.1 0.1 0.1 0.1 0.1 0.1 0.1 0.1 0.1 0.1 0.1 0.1 0.1 0.1 0.1 0.1 0.1 0.1 0.1 0.1 0.1 0.1 0.1 0.1 0.1 0.1 0.1 0.1 0.1 0.1 0.1 0.1 0.1 0.1 0.1 0.1 0.1 0.1 0.1 0.1 0.1 0.1 0.1 0.1 0.1 0.1 0.1 0.1 0.1 0.1 0.1 0.1 0.1 0.1 0.1 0.1 0.1 0.1 0.1 0.1 
1 778 887 0.90000
1 336 794 0.90000
0 493 650
1 28 363 0.90000
0 60 764
0 427 541
0 212 737
0 430 568
0 531 863
1 68 136 0.90000
1 23 803 0.90000
0 70 168
1 12 457 0.90000
0 230 374
1 785 920 0.90000
1 199 325 0.90000
1 371 414 0.90000
0 92 981
0 863 874
0 282 997
1 85 926 0.90000
1 337 506 0.90000
0 314 730
1 125 896 0.90000
0 546 815
1 365 435 0.90000
1 88 751 0.90000
0 179 277
0 404 585
1 400 755 0.90000
0 61 677
0 13 740
0 95 587
1 571 796 0.90000
0 379 468
1 98 903 0.90000
1 493 653 0.90000
0 281 302
0 442 866
1 445 620 0.90000
0 32 730
1 98 772 0.90000
1 676 710 0.90000
1 568 857 0.90000
1 354 587 0.90000
1 307 684 0.90000
1 529 625 0.90000
1 733 830 0.90000
1 20 271 0.90000
0 709 716
0 150 797
1 246 619 0.90000
0 452 922
1 380 489 0.90000
0 229 842
0 194 501
0 125 765
0 857 988
1 228 492 0.90000
1 860 937 0.90000
0 438 552
0 276 408
0 122 859
1 30 238 0.90000
1 794 819 0.90000
0 12 144
0 530 777
0 444 764
1 539 607 0.90000
0 819 905
0 370 689
1 918 997 0.90000
0 471 744
1 491 500 0.90000
0 645 726
0 140 506
0 670 787
0 465 543
1 356 508 0.90000
0 349 612
0 300 829
1 569 747 0.90000
0 312 423
0 606 802
1 731 879 0.90000
1 321 737 0.90000
0 523 627
1 417 709 0.90000
0 259 925
1 63 625 0.90000
0 37 453
1 380 551 0.90000
0 72 974
1 882 931 0.90000
1 661 895 0.90000
1 200 982 0.90000
1 960 997 0.90000
1 669 814 0.90000
0 96 927
0 85 341
0 377 685
0 108 937
1 180 757 0.90000
0 413 888
0 173 660
1 211 337 0.90000
0 207 588
1 373 714 0.90000
1 256 820 0.90000
1 722 905 0.90000
1 812 941 0.90000
1 229 706 0.90000
1 151 985 0.90000
0 225 921
0 270 397
1 85 631 0.90000
0 673 973
0 386 626
0 300 641
0 714 899
0 191 525
0 210 582
1 337 733 0.90000
1 5 995 0.90000
1 274 770 0.90000
0 256 851
0 143 580
0 206 994
1 505 568 0.90000
1 755 962 0.90000
0 260 945
0 203 507
0 22 843
0 190 529
0 909 959
0 37 809
1 249 304 0.90000
1 134 649 0.90000
0 568 755
0 369 530
0 47 789
1 250 991 0.90000
1 34 364 0.90000
1 254 893 0.90000
0 126 153
0 189 976
1 437 730 0.90000
0 415 922
0 29 305
1 51 749 0.90000
0 795 903
1 44 700 0.90000
1 3 429 0.90000
1 501 682 0.90000
1 160 539 0.90000
1 135 536 0.90000
1 216 693 0.90000
1 505 630 0.90000
1 286 965 0.90000
1 336 344 0.90000
1 239 901 0.90000
1 290 950 0.90000
1 293 989 0.90000
1 145 744 0.90000
1 391 683 0.90000
0 542 570
0 233 262
0 118 361
1 82 762 0.90000
1 191 426 0.90000
0 368 678
0 627 691
0 58 615
0 206 359
0 101 387
0 727 995
0 553 579
1 291 947 0.90000
1 52 971 0.90000
0 594 632
1 313 628 0.90000
0 215 356
0 91 413
1 611 970 0.90000
1 275 356 0.90000
1 434 621 0.90000
1 339 889 0.90000
0 285 771
0 418 607
0 238 850
1 60 218 0.90000
0 784 946
1 459 874 0.90000
1 290 484 0.90000
1 479 758 0.90000
0 472 730
0 460 619
0 26 389
0 158 234
1 359 494 0.90000
0 418 700
1 364 570 0.90000
0 174 795
1 432 463 0.90000
0 293 391
1 58 116 0.90000
1 158 575 0.90000
1 948 952 0.90000
1 22 538 0.90000
0 31 55
0 82 326
0 3 517
1 140 797 0.90000
0 339 581
0 22 971
0 380 813
1 537 686 0.90000
0 177 484
1 760 858 0.90000
0 500 912
1 237 951 0.90000
0 106 819
1 50 245 0.90000
1 806 935 0.90000
1 376 956 0.90000
0 590 769
1 806 919 0.90000
0 823 983
1 31 94 0.90000
0 127 594
0 254 544
0 714 815
1 378 763 0.90000
1 89 920 0.90000
0 295 733
1 236 347 0.90000
1 154 692 0.90000
1 329 574 0.90000
1 292 711 0.90000
0 218 837
1 56 91 0.90000
0 131 905
1 634 662 0.90000
1 74 790 0.90000
0 806 852
0 504 869
1 7 196 0.90000
1 121 950 0.90000
1 227 764 0.90000
1 597 982 0.90000
1 37 561 0.90000
1 519 771 0.90000
1 343 533 0.90000
0 322 380
0 173 985
1 41 235 0.90000
1 73 399 0.90000
0 64 348
0 31 574
0 60 523
1 83 925 0.90000
1 205 233 0.90000
0 444 899
0 279 641
1 263 263 0.90000
1 42 849 0.90000
1 273 325 0.90000
0 155 336
1 366 458 0.90000
1 172 777 0.90000
1 219 702 0.90000
1 654 934 0.90000
1 729 960 0.90000
0 721 798
0 309 335
0 377 992
0 53 716
1 190 560 0.90000
0 11 17
0 110 540
0 110 379
1 82 115 0.90000
0 427 990
1 148 224 0.90000
1 232 533 0.90000
0 282 876
0 180 591
0 132 351
1 495 858 0.90000
1 82 604 0.90000
0 434 983
1 416 488 0.90000
0 405 826
0 552 893
1 33 135 0.90000
1 416 507 0.90000
1 596 709 0.90000
1 298 963 0.90000
1 155 777 0.90000
1 310 588 0.90000
0 22 383
0 564 861
0 212 686
0 286 931
0 315 584
0 117 821
0 526 529
1 491 526 0.90000
0 361 619
1 338 929 0.90000
0 311 622
1 226 889 0.90000
1 438 571 0.90000
1 9 723 0.90000
1 351 658 0.90000
1 127 828 0.90000
1 72 652 0.90000
1 529 911 0.90000
1 399 889 0.90000
0 394 578
0 200 977
0 88 932
1 100 658 0.90000
0 18 953
1 369 736 0.90000
0 185 196
0 267 806
0 529 955
0 279 594
1 556 673 0.90000
0 1 446
1 284 998 0.90000
0 128 383
1 335 694 0.90000
1 335 422 0.90000
1 958 986 0.90000
0 762 763
0 542 717
0 663 851
0 218 400
0 16 174
0 365 852
0 264 492
0 38 538
1 829 872 0.90000
0 857 988
0 342 971
0 512 666
1 362 518 0.90000
1 113 352 0.90000
0 507 639
1 365 490 0.90000
0 105 155
1 142 680 0.90000
0 539 970
0 171 957
0 650 761
0 315 466
0 184 887
1 536 970 0.90000
0 394 622
0 110 290
1 265 674 0.90000
1 296 549 0.90000
1 314 834 0.90000
0 356 950
1 469 794 0.90000
0 934 961
1 172 287 0.90000
0 141 678
1 182 762 0.90000
0 51 324
0 76 955
0 43 625
1 290 920 0.90000
0 239 470
1 384 977 0.90000
1 134 344 0.90000
0 957 982
1 12 667 0.90000
1 193 913 0.90000
1 869 903 0.90000
1 3 175 0.90000
1 217 719 0.90000
1 378 488 0.90000
0 574 958
0 126 934
1 419 497 0.90000
1 154 727 0.90000
0 394 981
1 306 949 0.90000
0 30 560
0 161 563
0 281 720
1 11 903 0.90000
0 584 727
1 141 709 0.90000
1 558 939 0.90000
1 432 711 0.90000
0 691 906
1 392 639 0.90000
0 422 668
1 181 672 0.90000
1 96 900 0.90000
0 89 155
0 233 570
1 374 711 0.90000
0 434 664
1 95 280 0.90000
1 352 500 0.90000
1 465 743 0.90000
0 87 516
1 187 916 0.90000
1 12 635 0.90000
1 388 723 0.90000
1 644 774 0.90000
1 355 743 0.90000
0 125 140
1 64 419 0.90000
1 270 713 0.90000
1 405 734 0.90000
1 735 820 0.90000
1 88 436 0.90000
1 451 670 0.90000
1 803 838 0.90000
0 90 611
1 705 961 0.90000
1 558 830 0.90000
1 817 893 0.90000
1 523 606 0.90000
1 362 580 0.90000
0 379 448
0 46 883
1 552 900 0.90000
1 354 387 0.90000
0 795 949
0 108 507
0 418 665
1 481 821 0.90000
0 355 995
1 438 934 0.90000
0 313 318
1 18 710 0.90000
1 157 609 0.90000
1 746 996 0.90000
0 172 296
1 560 802 0.90000
0 572 653
0 744 926
0 90 92
1 567 879 0.90000
0 51 197
0 214 334
0 371 500
0 116 569
1 343 640 0.90000
1 199 264 0.90000
0 203 940
1 129 632 0.90000
1 572 805 0.90000
0 139 684
1 496 541 0.90000
1 227 973 0.90000
0 159 726
0 646 953
0 340 447
1 604 884 0.90000
1 543 826 0.90000
0 175 340
0 331 597
1 14 295 0.90000
1 520 861 0.90000
0 293 833
0 280 991
1 296 636 0.90000
0 108 742
1 571 977 0.90000
0 585 802
1 493 801 0.90000
1 441 497 0.90000
1 736 764 0.90000
0 607 874
0 252 524
1 531 752 0.90000
1 166 705 0.90000
0 303 626
1 548 592 0.90000
1 132 485 0.90000
1 920 932 0.90000
1 428 529 0.90000
0 544 820
1 124 769 0.90000
1 640 644 0.90000
0 395 989
0 99 681
0 19 753
1 99 696 0.90000
0 180 506
0 67 99
1 473 979 0.90000
1 798 967 0.90000
0 273 548
0 87 913
1 878 901 0.90000
1 198 933 0.90000
1 36 952 0.90000
1 50 499 0.90000
0 862 907
0 4 326
0 429 798
1 116 634 0.90000
0 15 382
1 101 898 0.90000
1 330 409 0.90000
1 314 880 0.90000
0 317 915
1 766 776 0.90000
0 627 931
0 617 630
1 410 753 0.90000
0 396 516
1 429 777 0.90000
1 27 614 0.90000
0 63 787
1 101 764 0.90000
0 398 417
1 545 983 0.90000
0 321 827
0 566 795
1 135 547 0.90000
0 63 854
1 687 843 0.90000
0 535 808
0 835 870
0 816 985
0 325 383
1 452 717 0.90000
1 38 344 0.90000
1 603 862 0.90000
1 89 361 0.90000
1 621 942 0.90000
1 629 925 0.90000
1 163 709 0.90000
0 871 997
1 467 812 0.90000
0 488 516
0 291 333
0 634 694
1 495 881 0.90000
1 214 855 0.90000
0 445 476
1 739 752 0.90000
1 812 874 0.90000
1 169 682 0.90000
1 500 684 0.90000
1 15 536 0.90000
0 347 770
1 73 392 0.90000
0 412 624
1 58 837 0.90000
1 282 440 0.90000
0 115 372
1 419 597 0.90000
0 765 884
1 698 801 0.90000
1 336 675 0.90000
1 458 491 0.90000
0 530 950
1 293 691 0.90000
1 350 630 0.90000
1 141 423 0.90000
0 44 256
1 26 767 0.90000
0 261 654
0 221 958
0 288 984
0 722 827
1 128 206 0.90000
0 170 729
0 228 799
0 222 564
0 617 884
1 224 383 0.90000
0 36 512
1 564 609 0.90000
0 769 896
0 661 969
0 10 174
1 255 888 0.90000
1 58 482 0.90000
1 397 930 0.90000
0 281 943
0 210 856
1 367 855 0.90000
0 282 760
0 402 974
0 172 414
0 423 900
0 662 756
0 72 781
1 1 604 0.90000
0 1 943
0 13 505
1 359 760 0.90000
1 118 895 0.90000
0 91 637
0 615 627
1 866 938 0.90000
0 422 621
1 401 864 0.90000
0 5 787
1 357 459 0.90000
1 369 411 0.90000
1 129 570 0.90000
1 375 447 0.90000
0 11 606
1 166 990 0.90000
1 491 927 0.90000
0 239 700
1 1 563 0.90000
1 349 833 0.90000
1 18 808 0.90000
1 498 570 0.90000
0 129 140
0 471 586
0 281 543
0 534 708
1 401 551 0.90000
1 486 789 0.90000
0 141 191
0 326 648
1 462 695 0.90000
0 192 631
1 321 521 0.90000
0 143 539
0 423 931
0 309 686
0 709 781
0 546 803
0 88 523
1 158 736 0.90000
0 493 549
0 531 987
0 50 52
0 590 957
0 449 873
0 483 558
0 338 577
1 140 221 0.90000
0 6 15
0 283 524
1 16 237 0.90000
1 354 885 0.90000
1 725 755 0.90000
0 237 711
0 159 243
0 24 642
1 112 570 0.90000
0 261 791
0 148 956
0 90 782
1 18 959 0.90000
0 376 902
1 675 979 0.90000
1 378 567 0.90000
0 162 670
0 537 834
1 907 1000 0.90000
1 261 317 0.90000
1 568 571 0.90000
0 9 487
1 278 967 0.90000
0 436 694
1 720 947 0.90000
1 97 213 0.90000
0 118 541
1 675 951 0.90000
1 209 803 0.90000
0 526 852
0 448 691
1 677 935 0.90000
1 564 796 0.90000
1 352 932 0.90000
0 298 321
0 689 862
0 402 975
0 70 429
0 53 583
1 434 683 0.90000
0 124 278
1 152 791 0.90000
1 947 961 0.90000
1 230 448 0.90000
0 550 629
1 529 590 0.90000
1 564 877 0.90000
0 985 991
0 37 760
0 72 385
1 239 701 0.90000
0 491 540
1 451 776 0.90000
1 251 927 0.90000
0 429 879
0 580 759
1 635 945 0.90000
1 712 978 0.90000
1 258 737 0.90000
0 35 473
1 596 711 0.90000
1 250 633 0.90000
1 377 468 0.90000
0 303 602
0 83 964
0 15 228
0 434 959
0 555 670
1 660 928 0.90000
1 314 802 0.90000
1 261 719 0.90000
1 336 893 0.90000
1 444 713 0.90000
1 314 354 0.90000
0 514 629
0 552 857
0 642 700
1 196 482 0.90000
0 855 890
1 9 737 0.90000
0 705 727
1 415 734 0.90000
1 365 858 0.90000
1 211 725 0.90000
0 724 739
1 627 835 0.90000
1 326 946 0.90000
0 367 807
1 48 457 0.90000
1 785 827 0.90000
1 841 861 0.90000
0 156 574
0 291 696
1 367 947 0.90000
1 105 864 0.90000
0 291 409
0 162 236
1 556 602 0.90000
1 145 411 0.90000
1 292 589 0.90000
1 448 449 0.90000
1 682 957 0.90000
0 330 652
0 835 950
0 165 902
0 44 573
1 734 812 0.90000
0 257 641
0 137 860
0 429 511
0 298 876
0 557 925
0 126 886
1 72 320 0.90000
1 325 881 0.90000
1 368 897 0.90000
0 204 531
1 747 787 0.90000
0 595 646
0 509 853
0 699 806
1 345 731 0.90000
1 208 948 0.90000
0 201 879
1 108 759 0.90000
1 8 180 0.90000
0 176 211
0 309 905
0 627 903
0 107 486
0 124 805
1 502 638 0.90000
1 411 449 0.90000
0 1 70
1 109 151 0.90000
1 288 557 0.90000
0 329 463
1 719 984 0.90000
1 346 424 0.90000
0 183 862
0 658 808
1 295 912 0.90000
0 58 745
0 127 138
0 629 761
0 142 185
1 866 883 0.90000
1 834 849 0.90000
0 445 624
1 311 486 0.90000
1 284 645 0.90000
0 413 556
1 43 301 0.90000
0 121 790
0 550 551
0 43 738
1 915 925 0.90000
0 110 555
0 265 555
1 217 320 0.90000
0 261 500
1 264 507 0.90000
0 306 400
0 702 778
1 130 329 0.90000
0 187 418
1 684 780 0.90000
1 238 590 0.90000
1 248 854 0.90000
1 525 881 0.90000
1 785 1000 0.90000
1 115 644 0.90000
0 43 785
0 97 108
1 219 226 0.90000
1 232 764 0.90000
0 287 895
0 618 836
1 59 83 0.90000
1 54 316 0.90000
1 315 618 0.90000
0 681 781
1 7 565 0.90000
1 24 639 0.90000
1 243 753 0.90000
1 546 826 0.90000
0 464 757
1 3 81 0.90000
0 486 492
1 175 545 0.90000
0 162 389
0 739 842
0 380 849
0 767 839
0 251 943
0 489 960
1 136 597 0.90000
0 207 599
0 114 436
1 455 963 0.90000
0 111 703
1 433 441 0.90000
1 172 887 0.90000
1 290 905 0.90000
1 540 947 0.90000
0 583 851
0 44 987
0 193 320
0 658 677
1 464 876 0.90000
1 620 926 0.90000
1 710 878 0.90000
1 596 681 0.90000
0 332 501
0 447 821
1 30 957 0.90000
0 229 425
0 449 745
0 619 773
0 648 873
1 440 620 0.90000
1 710 849 0.90000
0 529 771
0 356 860
0 32 230
0 643 989
1 569 907 0.90000
0 370 509
0 304 988
0 108 212
1 4 727 0.90000
0 65 272
0 187 527
0 377 542
1 79 123 0.90000
1 227 766 0.90000
1 24 405 0.90000
1 359 533 0.90000
0 188 409
0 231 295
1 52 373 0.90000
0 493 645
0 523 781
1 899 950 0.90000
0 329 977
1 203 388 0.90000
0 139 959
1 459 669 0.90000
1 147 429 0.90000
0 175 659
0 63 415
1 555 657 0.90000
1 316 335 0.90000
1 161 636 0.90000
1 547 965 0.90000
1 56 704 0.90000
1 34 843 0.90000
0 301 684
0 217 447
1 622 938 0.90000
1 304 388 0.90000
1 43 44 0.90000
1 711 778 0.90000
0 387 871
1 418 894 0.90000
1 729 825 0.90000
1 767 859 0.90000
1 467 894 0.90000
1 110 187 0.90000
1 47 336 0.90000
0 496 703
1 97 717 0.90000
1 493 875 0.90000
1 261 307 0.90000
0 404 507
1 235 818 0.90000
1 353 935 0.90000
1 819 894 0.90000
0 6 505
0 693 914
0 188 945
0 257 362
1 527 749 0.90000
1 51 55 0.90000
1 797 810 0.90000
1 312 627 0.90000
0 3 913
0 158 553
1 347 662 0.90000
0 251 928
0 554 872
0 558 585
0 11 112
0 338 514
0 278 662
1 75 325 0.90000
0 327 755
0 140 879
0 226 343
1 828 903 0.90000
0 155 381
1 291 947 0.90000
0 301 995
1 143 991 0.90000
0 620 697
1 413 694 0.90000
1 449 755 0.90000
1 361 588 0.90000
0 125 930
1 184 903 0.90000
0 338 607
1 535 637 0.90000
1 47 631 0.90000
1 126 670 0.90000
1 158 174 0.90000
0 586 659
0 340 484
0 53 987
1 177 369 0.90000
0 328 431
1 38 467 0.90000
0 572 634
0 618 795
1 256 639 0.90000
0 148 708
1 158 778 0.90000
1 894 993 0.90000
0 458 979
0 348 961
1 27 745 0.90000
1 493 712 0.90000
0 369 478
1 272 661 0.90000
0 288 880
0 587 688
1 364 614 0.90000
0 125 610
0 67 975
1 28 230 0.90000
0 661 772
0 836 874
1 125 204 0.90000
0 216 946
0 89 504
1 543 869 0.90000
1 156 501 0.90000
0 632 937
1 718 959 0.90000
0 188 477
1 200 935 0.90000
0 73 771
